Terrain Box 1.0 1.0E-5 1.0 0.0 0.0 0.0
Obstacle Box 0.01 0.13 1.0 0.5 0.0 0.0
Obstacle Box 0.01 0.13 1.0 -0.5 0.0 0.0
Obstacle Box 1.0 0.13 0.01 0.0 0.0 0.5
Obstacle Box 1.0 0.13 0.01 0.0 0.0 -0.5
Obstacle Box 0.3 0.2 0.3 0.088712 -0.04 0.09200251 0.0 0.0 1.0 -25.0
Obstacle Box 0.2 0.1 0.1 -0.23308416 0.0 0.11125028 0.0 0.0 1.0 0.0
Obstacle Box 0.2 0.1 0.1 -0.23105602 0.045 -0.14852834 0.0 1.0 0.0 145.0
Hole Sphere 0.07 1.0E-4 0.07 -0.34430295 0.001 -0.03674829
Ball Sphere 0.05 0.05 0.05 0.38280803 0.05 -0.26007092
