Terrain Box 1.0 1.0E-5 1.0 0.0 0.0 0.0
Obstacle Box 0.01 0.13 1.0 0.5 0.0 0.0
Obstacle Box 0.01 0.13 1.0 -0.5 0.0 0.0
Obstacle Box 1.0 0.13 0.01 0.0 0.0 0.5
Obstacle Box 1.0 0.13 0.01 0.0 0.0 -0.5
Obstacle Box 0.2 0.1 0.1 -0.120808706 1.8626451E-9 0.064068794 0.0 1.0 0.0 -100.0
Obstacle Box 0.2 0.1 0.1 0.16603562 -0.039999995 0.15521324 1.0 0.0 0.0 -20.0
Obstacle Box 0.2 0.1 0.1 -0.13803989 -0.03 0.3287878 0.0 0.0 1.0 20.0
Hole Sphere 0.07 1.0E-4 0.07 0.28331277 0.001 0.39745942
Ball Sphere 0.05 0.05 0.05 -0.3145864 0.05 -0.19943446
